24,4
14,9
14,7
14,8
14,10
14,11
14,14
171,35
72,3
10,193
72,1
10,219
67,3
10,9
10,95
67,1
10,13
65,3
10,275
65,1
10,189
61,6
10,263
61,5
10,2
10,3
61,4
61,3
61,2
61,1
11,13
61,0
11,17
60,5
60,4
11,27
11,9
60,3
11,2
60,2
11,3
60,1
59,5
59,4
59,1
57,6
57,5
9,5
57,4
9,2
57,3
9,3
57,1
55,4
55,3
55,2
55,1
8,8
54,4
8,7
54,3
8,13
54,1
8,5
53,4
53,3
8,15
8,2
53,1
8,3
51,3
0,318
51,1
50,5
50,3
50,1
49,4
12,1
49,3
12,3
49,1
48,4
48,3
48,1
47,3
47,2
47,1
46,3
46,1
45,4
45,3
45,1
44,5
44,4
44,3
44,2
44,1
42,4
42,3
42,1
41,3
41,1
40,3
40,1
37,4
37,3
37,1
35,5
35,1
31,4
31,3
31,1
29,5
29,4
29,3
29,2
29,1
28,4
28,3
28,1
27,4
27,3
27,1
26,4
26,3
19,2
26,1
25,1
