3,2
3,1
3,3
10,122
10,206
10,64
10,6
10,228
10,10
10,264
10,2
10,3
11,11
11,24
11,8
9,7
9,4
9,1
9,6
9,2
9,3
8,6
8,17
8,2
8,3
67,3
67,1
61,6
61,5
61,3
61,1
57,6
57,4
57,3
57,1
55,4
55,3
55,1
54,4
54,3
54,1
53,4
53,3
53,1
51,3
51,1
50,5
50,3
50,1
49,4
49,3
49,1
48,4
48,3
48,1
47,3
47,1
45,4
45,3
45,1
44,5
44,3
44,1
42,4
42,3
42,1
37,4
37,3
37,1
31,4
31,3
31,1
29,5
29,4
29,3
29,1
28,4
28,3
28,1
27,4
27,3
27,1
26,4
26,3
26,1
25,3
25,1
24,4
24,3
24,1
20,3
20,2
20,1
19,3
19,2
19,1
14,14
18,1
14,13
14,11
18,3
14,10
14,9
14,8
14,7
14,4
12,3
14,6
12,2
14,1
12,1
14,12
11,25
11,21
14,3
11,19
11,18
13,1
11,17
13,3
11,16
